arima   :   0.015373863311593716
lstm    :   0.0008363055520265203
nutix   :   0.0005895052169426083